(734,946) (135,62,126)
(538,547) (9,78,28)
(285,692) (28,6,185)
(835,841) (121,106,131)
(274,262) (171,167,35)
(895,148) (224,82,17)
(637,464) (88,130,189)
(701,112) (141,206,103)
(157,206) (240,243,38)
(806,68) (6,107,99)
(712,842) (229,207,167)
(569,498) (109,199,248)
(283,506) (3,182,20)
(685,153) (247,135,58)
(874,807) (238,139,117)
(949,426) (206,198,171)
(369,11) (211,194,66)
(659,692) (21,229,239)
(416,45) (209,96,88)
(227,646) (80,168,188)
(987,710) (74,159,121)
(632,762) (54,232,47)
(59,549) (254,29,84)
(602,829) (125,32,18)
(134,263) (135,42,236)
(924,503) (164,106,180)
(561,511) (252,45,203)
(92,261) (10,241,149)
(610,902) (207,199,16)
(692,44) (39,12,21)
(797,19) (64,160,113)
(512,80) (221,188,185)
(3,651) (22,65,118)
(179,94) (0,233,255)
(266,464) (40,169,122)
(855,561) (143,156,111)
(11,49) (193,215,58)
(515,338) (85,173,21)
(376,208) (46,131,50)
(722,39) (85,204,96)
(749,535) (66,162,42)
(872,341) (164,27,252)
(718,670) (17,90,45)
(515,425) (110,2,63)
(625,192) (31,131,63)
(783,140) (0,176,118)
(76,649) (198,180,247)
(26,546) (198,121,205)
(143,487) (213,168,168)
(861,328) (202,174,40)
(374,455) (88,89,24)
(935,164) (34,212,227)
(613,325) (234,116,161)
(421,394) (205,238,113)
(89,989) (33,10,75)
(472,155) (57,226,133)
(286,359) (241,44,208)
(621,522) (167,3,241)
(532,688) (113,149,248)
(218,399) (76,196,109)
(794,84) (252,68,100)
(929,590) (224,80,215)
(120,562) (115,247,9)
(786,364) (206,52,148)
(857,839) (129,222,128)
(9,163) (129,10,177)
(764,807) (73,71,234)
(658,667) (227,24,110)
(786,838) (121,145,91)
(320,151) (47,22,176)
(629,475) (192,84,123)
(19,138) (55,122,241)
(730,133) (234,211,203)
(743,939) (145,175,114)
(29,291) (198,175,143)
(655,867) (10,255,35)
(631,555) (15,33,64)
(640,257) (207,80,67)
(884,516) (59,82,182)
(288,533) (4,74,211)
(854,722) (132,93,173)
(505,284) (226,39,125)
(501,594) (218,192,13)
(287,852) (9,22,6)
(746,371) (23,41,111)
(644,690) (141,251,99)
(47,183) (79,188,58)
(868,438) (174,2,202)
(399,968) (22,191,161)
(373,671) (10,114,255)
(711,810) (79,73,84)
(420,811) (188,24,255)
(203,780) (195,243,14)
(403,668) (245,150,180)
(483,579) (110,42,188)
(564,81) (121,11,114)
(72,207) (1,54,10)
(383,183) (101,216,55)
(335,643) (20,65,11)
(95,188) (167,181,211)
(873,463) (203,71,101)
(14,583) (150,5,21)
(993,329) (200,92,171)
(897,13) (211,185,236)
(958,594) (232,102,34)
(458,266) (227,175,255)
(35,69) (158,137,120)
(556,536) (25,68,71)
(928,233) (8,150,188)
(200,185) (7,188,162)
(840,915) (120,181,5)
(653,198) (231,191,141)
(795,505) (33,191,112)
(187,868) (253,109,97)
(35,20) (91,138,243)
(876,117) (138,234,2)
(328,974) (234,176,131)
(298,139) (206,213,116)
(104,306) (162,149,134)
(962,317) (150,198,229)
(955,48) (212,159,179)
(680,480) (222,220,217)
(663,307) (148,250,196)
(637,59) (136,166,62)
(901,102) (208,66,146)
(93,419) (241,132,68)
(936,918) (224,89,145)
(55,463) (78,128,53)
(931,143) (181,18,44)
(843,671) (60,140,88)
(731,275) (8,252,169)
(849,456) (239,36,16)
(137,884) (210,164,130)
(594,553) (41,87,182)
(740,49) (162,184,148)
(863,226) (147,181,137)
(936,767) (130,119,89)
(756,786) (16,46,120)
(765,376) (205,68,118)
(841,738) (198,119,73)
(661,331) (185,240,239)
(976,156) (27,135,237)
(98,321) (67,106,216)
(838,595) (33,2,219)
(588,646) (136,49,28)
(803,234) (64,115,235)
(98,666) (239,201,241)
(268,34) (6,127,218)
(532,289) (240,196,31)
(572,56) (71,130,160)
(289,762) (69,33,22)
(344,569) (221,41,97)
(833,500) (63,63,46)
(457,559) (84,63,206)
(30,170) (152,12,44)
(474,549) (4,132,83)
(812,574) (66,136,75)
(608,870) (178,174,62)
(448,219) (10,155,189)
(28,632) (41,56,249)
(627,569) (65,76,14)
(595,292) (24,78,170)
(725,292) (236,197,63)
(619,905) (96,159,45)
(768,386) (64,35,83)
(740,924) (14,25,145)
(885,704) (160,30,159)
(125,668) (231,198,146)
(815,873) (63,196,187)
(937,154) (24,147,38)
(819,820) (56,134,118)
(101,919) (167,240,48)
(785,896) (12,32,181)
(943,73) (59,70,203)
(480,266) (199,91,234)
(108,249) (133,127,164)
(335,572) (244,226,31)
(318,903) (110,123,108)
(501,310) (124,13,247)
(316,965) (154,164,107)
(688,845) (55,100,191)
(698,720) (223,66,21)
(737,48) (58,144,123)
(209,274) (80,152,243)
(449,582) (131,205,128)
(443,657) (47,219,66)
(477,443) (215,154,61)
(371,866) (220,76,146)
(370,207) (72,228,70)
(195,414) (160,254,243)
(421,71) (102,139,215)
(442,91) (5,24,181)
(349,287) (54,65,216)
(703,903) (126,76,98)
(256,391) (233,156,211)
(772,468) (59,187,165)
(585,396) (17,87,145)
(687,152) (128,253,219)
(574,727) (246,86,31)
(964,138) (51,95,243)
(990,740) (154,26,60)
(355,738) (206,243,232)
(599,905) (148,66,43)
(483,802) (85,191,67)
(382,610) (38,236,43)
(968,747) (209,42,121)
(21,764) (24,34,233)
(423,488) (0,180,203)
(442,133) (53,114,199)
(465,210) (14,238,167)
(260,593) (82,3,21)
(997,331) (5,74,236)
(628,415) (43,192,139)
(4,992) (4,96,156)
(261,873) (67,174,30)
(862,215) (167,240,69)
(689,193) (241,59,166)
(786,326) (59,53,248)
(717,401) (22,62,75)
(534,58) (152,40,137)
(879,986) (188,178,14)
(131,577) (232,153,248)
(554,508) (60,223,5)
(989,284) (208,234,132)
(220,633) (200,251,79)
(251,953) (13,238,150)
(834,629) (162,89,97)
(328,290) (74,215,64)
(946,659) (34,166,235)
(599,927) (188,16,230)
(432,981) (113,58,26)
(209,479) (53,187,209)
(956,787) (16,78,14)
(217,848) (158,71,128)
(701,310) (5,34,142)
(764,729) (103,185,127)
(560,794) (25,147,231)
(708,203) (178,142,188)
(683,932) (134,193,223)
(415,498) (154,168,207)
(828,539) (71,97,115)
(710,127) (233,220,174)
(246,27) (142,195,176)
(180,781) (20,108,143)
(921,433) (135,62,230)
(771,956) (31,147,166)
(698,896) (244,180,69)
(899,1) (114,164,131)
(178,625) (91,141,130)
(795,349) (64,79,73)
(957,923) (125,251,142)
(405,897) (59,183,214)
(423,365) (49,188,145)
(657,731) (132,184,84)
(559,520) (41,6,244)
(79,799) (75,184,16)
(536,259) (168,168,84)
(384,857) (142,214,128)
(537,897) (35,216,213)
(81,917) (44,181,98)
(948,333) (204,132,128)
(743,754) (157,191,40)
(883,584) (78,66,152)
(572,56) (104,235,167)
(186,731) (154,205,236)
(893,690) (60,252,224)
(380,73) (58,216,22)
(479,543) (35,157,145)
(993,144) (84,196,180)
(701,523) (133,65,134)
(901,55) (101,187,201)
(528,721) (223,181,135)
(896,458) (219,100,217)
(437,871) (254,91,195)
(26,496) (114,219,254)
(354,132) (77,174,156)
(496,192) (66,146,114)
(363,36) (250,27,148)
(670,283) (225,69,107)
(760,241) (230,29,170)
(536,778) (242,230,240)
(856,534) (0,9,117)
(762,444) (234,78,87)
(601,73) (235,71,242)
(354,647) (161,116,16)
(444,222) (173,244,111)
(210,721) (211,15,251)
(168,454) (43,118,90)
(349,425) (36,231,36)
(396,252) (41,140,99)
(202,877) (19,69,67)
(413,8) (229,47,191)
(69,97) (194,93,145)
(291,437) (41,195,40)
(111,520) (169,177,17)
(672,133) (210,128,146)
(938,999) (225,91,45)
(612,490) (180,83,21)
(901,916) (56,77,171)
(855,89) (248,149,77)
(618,777) (216,108,59)
(235,908) (102,17,53)
(588,775) (185,248,137)
(973,766) (206,230,145)
(424,116) (251,30,81)
(252,578) (51,135,129)
(227,217) (10,114,8)
(317,958) (193,172,57)
(823,655) (143,12,118)
(558,638) (101,141,145)
(23,580) (113,248,141)
(8,167) (13,96,224)
(215,215) (184,91,2)
(904,574) (32,82,198)
(864,268) (18,173,3)
(939,61) (226,148,53)
(488,495) (245,101,232)
(951,221) (27,234,89)
(466,184) (219,1,133)
(21,404) (2,137,179)
(260,374) (207,86,172)
(506,319) (50,12,196)
(724,254) (127,151,61)
(347,200) (107,76,64)
(105,487) (98,224,182)
(912,737) (115,72,201)
(98,174) (212,157,47)
(300,698) (241,104,156)
(747,968) (96,114,126)
(549,708) (172,238,216)
(331,531) (248,221,238)
(273,282) (206,151,83)
(814,320) (247,180,83)
(546,874) (207,111,15)
(604,824) (35,222,95)
(549,272) (121,95,3)
(65,60) (35,194,249)
(856,128) (245,98,231)
(378,619) (232,147,149)
(991,539) (246,140,245)
(11,482) (39,77,229)
(593,618) (82,124,150)
(121,110) (63,120,77)
(216,165) (207,118,187)
(799,190) (227,88,8)
(821,718) (48,105,182)
(585,878) (36,49,201)
(381,101) (63,166,100)
(162,552) (201,161,234)
(637,27) (202,84,106)
(953,456) (24,196,58)
(267,985) (17,229,104)
(391,808) (168,45,99)
(593,454) (237,53,135)
(477,391) (195,145,98)
(992,544) (220,56,235)
(180,219) (56,162,244)
(167,245) (195,65,67)
(69,950) (15,200,36)
(364,726) (160,206,126)
(880,407) (146,133,157)
(415,358) (217,108,204)
(630,695) (115,104,180)
(949,357) (213,43,108)
(70,975) (55,108,37)
(825,33) (177,28,16)
(28,993) (86,225,158)
(488,297) (247,210,134)
(869,488) (12,21,159)
(619,43) (144,188,96)
(698,259) (23,80,150)
(771,235) (13,176,6)
(284,723) (185,112,10)
(601,957) (202,246,246)
(210,448) (171,98,134)
(669,154) (76,235,200)
(166,328) (17,55,206)
(443,557) (8,64,142)
(579,831) (38,32,111)
(691,426) (99,12,112)
(277,140) (67,180,90)
(884,182) (212,147,59)
(775,702) (187,63,239)
(155,387) (108,221,209)
(488,274) (244,83,34)
(605,410) (242,139,201)
(766,148) (217,90,28)
(898,660) (12,14,45)
(497,569) (242,251,204)
(680,130) (196,25,46)
(548,800) (219,239,209)
(56,857) (129,109,16)
(330,543) (126,140,5)
(102,619) (245,218,80)
(462,987) (173,11,149)
(851,583) (138,200,236)
(930,58) (100,30,231)
(638,192) (101,155,82)
(68,737) (107,101,57)
(542,303) (116,169,20)
(707,459) (14,199,59)
(360,227) (168,121,128)
(105,673) (143,241,119)
(907,207) (124,197,127)
(802,111) (70,38,226)
(583,307) (124,159,223)
(758,795) (79,5,228)
(603,293) (153,220,210)
(753,524) (192,161,140)
(396,843) (38,146,101)
(919,465) (95,251,21)
(447,831) (181,187,144)
(502,935) (85,218,179)
(174,503) (207,20,31)
(425,332) (75,49,251)
(423,551) (156,175,22)
(875,355) (20,252,155)
(897,223) (120,79,155)
(217,910) (22,119,165)
(969,371) (252,208,104)
(489,51) (44,180,94)
(993,825) (73,118,243)
(725,355) (56,174,80)
(846,687) (244,202,59)
(499,589) (113,142,51)
(397,720) (158,186,106)
(846,723) (58,222,25)
(970,2) (125,152,61)
(865,773) (242,220,204)
(973,315) (23,123,76)
(47,647) (16,113,76)
(473,348) (49,34,77)
(612,928) (174,103,202)
(449,88) (7,53,193)
(129,600) (125,205,2)
(721,126) (250,11,113)
(579,48) (165,245,42)
(606,707) (153,209,157)
(991,72) (91,166,168)
(840,838) (52,39,24)
(751,489) (19,227,12)
(147,606) (123,145,132)
(910,709) (62,151,199)
(324,855) (117,196,98)
(73,318) (195,176,109)
(608,208) (51,224,86)
(111,763) (43,195,246)
(976,588) (110,72,166)
(34,948) (59,178,106)
(176,396) (176,84,246)
(772,608) (42,17,224)
(807,516) (38,47,61)
(91,985) (20,108,214)
(954,327) (113,174,208)
(428,381) (176,185,97)
(267,259) (26,204,204)
(596,998) (80,180,213)
(410,237) (6,66,163)
(928,840) (92,116,40)
(857,879) (96,198,183)
(159,644) (183,122,2)
(264,133) (141,156,30)
(167,191) (31,58,138)
(559,92) (249,65,50)
(729,361) (4,95,236)
(224,418) (27,228,112)
(48,951) (12,156,194)
(634,748) (150,18,24)
(910,273) (85,9,4)
(662,139) (68,99,17)
(466,833) (36,94,84)
(427,917) (56,183,202)
(196,784) (50,66,113)
(929,955) (137,13,162)
(218,212) (220,97,18)
(703,891) (215,189,196)
(372,263) (84,199,5)
(381,858) (108,250,160)
(575,114) (31,40,218)
(699,50) (136,131,123)
(795,200) (119,44,34)
(200,767) (38,104,123)
(190,6) (254,76,65)
(65,874) (60,10,93)
(114,462) (230,171,191)
(124,792) (52,102,84)
(631,778) (220,139,72)
(452,56) (220,21,111)
(401,810) (53,230,92)
(39,870) (31,238,209)
(386,119) (47,248,34)
(982,909) (96,167,225)
(853,751) (42,79,25)
(541,500) (76,146,217)
(887,470) (37,3,83)
(243,796) (195,159,30)
(379,672) (69,23,177)
(316,740) (244,223,122)
(818,520) (197,167,134)
(502,987) (204,65,109)
(540,128) (3,215,147)
(857,197) (111,106,14)
(102,153) (130,187,61)
(546,788) (34,158,222)
(487,690) (62,203,230)
(913,865) (86,248,122)
(172,89) (245,98,31)
(121,931) (92,144,196)
(381,152) (252,57,31)
(745,803) (126,233,84)
(710,358) (15,131,242)
(205,460) (171,145,48)
(177,522) (44,81,249)
(912,566) (144,172,216)
(780,531) (32,85,118)
(147,583) (223,21,14)
(384,990) (187,226,230)
(33,372) (208,173,11)
(310,783) (122,231,115)
(58,126) (15,42,73)
(45,320) (52,161,163)
(756,353) (163,122,146)
(549,714) (67,177,162)
(857,212) (142,155,98)
(194,29) (143,190,88)
(937,66) (143,17,223)
(978,231) (155,254,130)
(698,881) (181,89,190)
(956,827) (227,56,155)
(909,180) (134,146,35)
(543,322) (67,23,155)
(644,360) (137,71,136)
(197,61) (126,68,211)
(584,552) (91,234,203)
(296,958) (174,122,44)
(889,684) (73,138,148)
(478,238) (125,11,209)
(661,527) (9,62,103)
(716,159) (246,216,5)
(235,998) (144,40,91)
(754,628) (214,23,83)
(461,811) (40,60,76)
(998,855) (115,224,9)
(701,739) (244,99,182)
(794,261) (75,242,245)
(381,148) (131,187,86)
(770,295) (0,186,30)
(781,917) (168,28,249)
(326,310) (41,99,90)
(54,428) (65,25,214)
(54,571) (205,251,130)
(758,475) (162,68,60)
(930,3) (216,152,91)
(45,668) (90,145,158)
(406,680) (156,124,25)
(380,433) (147,214,152)
(717,978) (243,193,69)
(443,998) (156,213,71)
(793,714) (75,108,198)
(107,156) (193,222,196)
(537,760) (68,50,201)
(322,603) (35,216,175)
(78,680) (98,92,251)
(109,665) (74,235,131)
(782,125) (56,223,152)
(955,819) (93,0,91)
(964,403) (65,176,210)
(739,500) (67,188,196)
(838,981) (39,154,251)
(245,980) (183,169,60)
(779,502) (210,108,7)
(821,655) (218,223,255)
(941,149) (55,107,175)
(54,369) (4,146,137)
(343,946) (76,35,208)
(837,172) (239,67,211)
(225,578) (206,130,167)
(671,311) (166,222,35)
(123,273) (23,175,42)
(689,435) (58,35,86)
(668,940) (73,108,73)
(57,470) (117,148,15)
(708,879) (58,144,219)
(273,555) (15,149,222)
(566,307) (121,185,189)
(761,663) (166,247,52)
(827,862) (253,77,54)
(119,232) (3,227,15)
(854,766) (249,59,104)
(893,602) (145,179,127)
(611,349) (17,187,25)
(412,931) (234,191,100)
(382,935) (122,130,132)
(373,538) (45,221,1)
(306,245) (165,60,159)
(938,304) (104,194,193)
(395,843) (144,187,124)
(57,14) (70,169,241)
(798,825) (228,73,225)
(624,679) (36,186,165)
(902,784) (183,42,142)
(880,222) (29,9,24)
(330,965) (138,13,225)
(642,8) (116,132,8)
(173,964) (127,82,88)
(743,29) (249,217,142)
(490,697) (190,148,70)
(467,730) (55,162,211)
(50,102) (125,228,155)
(565,952) (63,229,117)
(108,527) (17,173,141)
(81,416) (110,13,49)
(594,923) (145,106,221)
(332,688) (128,232,203)
(57,120) (207,88,149)
(372,823) (133,166,59)
(669,491) (5,47,26)
(21,422) (231,135,152)
(305,969) (112,32,139)
(551,874) (105,117,35)
(565,922) (24,76,246)
(354,728) (235,74,141)
(981,130) (91,34,150)
(308,330) (19,171,218)
(439,517) (169,241,93)
(561,531) (193,123,145)
(570,713) (116,236,24)
(978,141) (96,202,247)
(143,621) (21,230,184)
(984,651) (119,43,173)
(432,655) (0,77,255)
(531,390) (244,240,127)
(116,456) (163,233,222)
(909,267) (137,62,179)
(29,356) (45,187,176)
(884,855) (104,149,242)
(387,717) (48,95,233)
(920,855) (253,20,154)
(368,700) (179,182,97)
(429,995) (94,66,36)
(56,551) (253,151,232)
(36,351) (93,68,217)
(159,855) (151,58,41)
(796,565) (140,163,163)
(552,590) (196,58,56)
(386,691) (246,224,132)
(718,810) (90,55,55)
(434,882) (50,145,52)
(807,385) (131,90,8)
(556,289) (3,204,106)
(941,280) (103,42,83)
(165,842) (36,203,140)
(954,90) (21,117,35)
(348,93) (224,57,220)
(743,7) (148,160,71)
(47,550) (118,44,17)
(690,982) (34,40,118)
(376,589) (133,151,235)
(241,874) (36,184,78)
(560,840) (140,214,3)
(469,92) (21,106,208)
(804,26) (48,89,153)
(689,21) (160,92,78)
(810,202) (169,204,240)
(273,567) (206,144,151)
(81,824) (178,229,139)
(20,31) (117,94,7)
(350,567) (165,235,193)
(268,413) (22,180,250)
(192,433) (137,98,114)
(686,810) (15,204,63)
(996,418) (1,248,0)
(19,815) (69,255,255)
(168,788) (230,25,151)
(22,792) (124,147,247)
(839,417) (31,67,160)
(850,308) (122,127,208)
(762,939) (85,76,85)
(179,157) (63,43,95)
(211,935) (235,116,125)
(627,290) (64,65,31)
(312,402) (150,98,46)
(725,333) (172,5,19)
(104,409) (225,229,54)
(608,100) (195,203,156)
(602,843) (237,216,228)
(508,956) (26,18,210)
(829,28) (37,98,142)
(989,957) (52,79,77)
(317,85) (185,156,143)
(84,854) (149,171,225)
(899,339) (163,236,129)
(297,130) (176,169,245)
(598,27) (115,184,22)
(832,471) (182,50,100)
(604,49) (233,15,105)
(532,607) (196,243,23)
(32,719) (147,212,191)
(40,448) (18,220,178)
(404,642) (110,137,98)
(3,416) (109,179,225)
(838,40) (61,206,64)
(859,900) (146,245,32)
(63,529) (35,137,228)
(805,727) (76,95,44)
(312,879) (139,179,54)
(54,194) (205,28,95)
(889,119) (94,3,120)
(477,41) (243,114,220)
(420,530) (94,114,11)
(791,690) (3,245,170)
(432,82) (109,111,11)
(477,910) (137,121,120)
(305,822) (25,138,4)
(264,701) (83,21,87)
(873,692) (194,39,108)
(818,520) (231,187,239)
(705,400) (166,230,113)
(469,266) (3,215,45)
(169,402) (38,36,91)
(718,724) (177,23,248)
(678,967) (105,101,49)
(848,384) (44,174,67)
(647,682) (42,252,88)
(206,35) (200,39,107)
(167,893) (205,64,199)
(906,235) (154,163,70)
(972,226) (248,39,89)
(351,998) (111,102,253)
(84,873) (79,62,154)
(615,172) (189,109,217)
(864,84) (65,144,44)
(242,967) (242,78,116)
(386,290) (89,22,225)
(928,844) (222,6,227)
(96,726) (182,193,133)
(327,782) (66,145,71)
(518,916) (138,235,95)
(603,178) (203,224,31)
(979,595) (94,96,52)
(59,701) (26,86,29)
(964,678) (254,127,125)
(383,169) (238,187,67)
(309,905) (200,189,201)
(161,163) (233,130,222)
(167,335) (130,33,179)
(385,187) (83,112,234)
(698,747) (250,71,79)
(514,482) (42,247,151)
(141,608) (152,50,196)
(165,211) (228,231,91)
(251,533) (138,87,176)
(706,638) (32,72,247)
(203,233) (217,36,236)
(748,911) (130,178,49)
(424,782) (171,58,83)
(649,260) (53,222,249)
(432,832) (128,143,93)
(743,60) (138,178,15)
(18,431) (253,208,174)
(224,377) (146,243,201)
(408,87) (169,18,2)
(515,645) (20,194,203)
(548,927) (191,118,34)
(255,505) (249,164,255)
(836,378) (115,236,5)
(102,272) (142,98,76)
(136,132) (57,0,189)
(398,103) (72,90,1)
(239,852) (35,111,92)
(14,723) (69,197,197)
(534,729) (144,49,24)
(136,653) (49,28,213)
(412,179) (68,226,8)
(7,133) (76,219,221)
(901,885) (91,238,183)
(164,563) (235,227,252)
(551,29) (4,180,224)
(502,266) (64,249,177)
(58,124) (22,248,225)
(785,300) (170,145,70)
(650,436) (149,233,194)
(71,111) (57,45,49)
(707,726) (174,238,204)
(860,695) (168,144,130)
(284,680) (137,44,72)
(690,974) (73,235,128)
(808,430) (240,11,150)
(475,805) (182,142,242)
(143,811) (89,129,159)
(759,577) (54,222,110)
(880,693) (99,237,65)
(870,163) (25,189,247)
(867,595) (63,110,103)
(387,738) (130,243,182)
(585,499) (54,81,146)
(293,975) (16,246,89)
(764,539) (182,6,64)
(87,497) (57,100,199)
(40,901) (235,252,196)
(960,825) (111,19,192)
(640,208) (115,189,160)
(146,58) (233,232,127)
(903,218) (108,194,136)
(977,813) (75,157,80)
(493,846) (170,47,189)
(695,49) (64,58,73)
(542,707) (60,114,179)
(998,585) (102,203,202)
(500,482) (193,88,53)
(384,501) (245,115,115)
(527,222) (175,119,127)
(195,93) (252,233,145)
(176,350) (115,127,223)
(99,714) (113,68,247)
(620,900) (126,44,117)
(762,794) (1,75,112)
(419,829) (39,69,127)
(247,795) (239,203,91)
(473,537) (15,249,251)
(152,812) (77,182,35)
(712,208) (199,254,56)
(422,342) (13,42,85)
(456,799) (253,0,233)
(871,15) (101,162,57)
(590,986) (242,88,77)
(861,140) (129,187,210)
(379,912) (173,119,25)
(741,689) (222,187,211)
(881,157) (84,232,230)
(375,193) (177,77,220)
(398,761) (151,98,131)
(656,881) (247,80,222)
(859,105) (234,167,69)
(284,909) (18,86,10)
(509,953) (166,84,119)
(615,987) (47,99,16)
(145,558) (45,218,28)
(526,85) (129,89,61)
(857,724) (167,235,232)
(74,940) (213,181,203)
(975,516) (158,38,229)
(764,326) (234,212,212)
(2,855) (37,121,84)
(228,93) (254,69,180)
(910,132) (27,240,180)
(435,275) (100,101,13)
(922,525) (217,138,234)
(56,104) (153,52,69)
(666,34) (160,134,105)
(310,199) (85,50,238)
(239,619) (44,123,85)
(252,602) (226,78,190)
(529,836) (67,79,80)
(790,76) (209,170,171)
(773,312) (27,43,172)
(163,995) (230,141,206)
(419,385) (254,225,206)
(785,704) (158,238,31)
(654,836) (135,198,118)
(65,68) (12,214,177)
(106,289) (105,181,92)
(639,690) (137,46,17)
(352,156) (168,216,179)
(38,554) (34,180,22)
(635,387) (74,215,40)
(487,946) (38,107,75)
(985,445) (245,207,154)
(321,293) (226,229,188)
(819,254) (135,252,226)
(555,576) (104,119,115)
(384,866) (122,74,150)
(580,397) (238,45,105)
(196,722) (134,75,91)
(506,137) (11,59,57)
(284,743) (109,127,217)
(764,887) (151,127,210)
(273,349) (52,132,20)
(505,386) (55,11,193)
(432,470) (245,114,246)
(385,325) (88,27,68)
(837,282) (1,163,194)
(389,603) (5,194,238)
(598,319) (120,165,146)
(768,952) (75,162,34)
(381,439) (156,33,68)
(595,243) (200,133,174)
(49,850) (194,157,189)
(250,404) (19,124,3)
(479,506) (173,19,155)
(277,730) (231,1,143)
(1000,971) (228,76,153)
(89,843) (242,127,164)
(973,374) (65,189,73)
(356,767) (20,31,176)
(527,297) (149,113,111)
(460,806) (71,234,11)
(235,996) (83,176,166)
(977,300) (206,71,82)
(570,108) (121,227,54)
(940,652) (167,10,58)
(993,818) (70,12,31)
(668,859) (172,113,113)
(237,639) (56,60,123)
(867,668) (65,221,36)
(46,929) (217,95,123)
(931,264) (75,230,57)
(255,700) (234,125,151)
(745,601) (45,56,75)
(799,934) (97,186,113)
(864,794) (158,212,236)
(867,353) (17,175,230)
(805,154) (175,157,9)
(222,877) (209,245,127)
(185,288) (139,196,192)
(163,608) (76,233,160)
(216,644) (162,157,215)
(30,795) (67,55,100)
(765,376) (1,212,139)
(780,5) (45,133,29)
(776,919) (73,235,50)
(520,641) (57,206,238)
(75,823) (13,224,245)
(471,296) (24,117,29)
(445,983) (192,126,184)
(954,559) (14,191,37)
(250,536) (56,127,199)
(849,815) (186,200,54)
(915,272) (16,64,15)
(133,844) (83,201,190)
(619,60) (3,32,191)
(463,437) (208,235,203)
(379,871) (221,185,94)
(293,771) (142,154,244)
(732,706) (77,152,26)
(496,119) (250,12,116)
(146,681) (14,139,52)
(861,813) (86,218,212)
(667,906) (134,64,98)
(147,313) (73,192,7)
(131,471) (113,179,193)
(69,690) (247,65,94)
(918,810) (21,124,101)
(652,102) (90,176,93)
(340,184) (38,72,16)
(320,127) (239,125,66)
(517,960) (251,178,86)
(144,307) (179,24,183)
(667,308) (81,222,137)
(99,845) (126,165,8)
(825,338) (213,114,159)
(424,488) (1,25,112)
(378,197) (171,175,44)
(562,804) (65,26,13)
(528,377) (52,230,9)
(490,628) (193,242,182)
(27,81) (195,134,102)
(890,319) (98,116,184)
(219,580) (85,80,213)
(215,344) (164,209,124)
(399,215) (124,217,46)
(295,144) (108,65,117)
(936,19) (117,226,213)
(202,370) (174,171,249)
(416,193) (156,35,121)
(295,876) (172,5,203)
(967,308) (15,143,211)
(587,419) (173,69,247)
(455,979) (10,250,111)
(510,888) (89,209,1)
(743,946) (20,68,166)
(570,99) (253,192,8)
(771,898) (185,51,218)
(613,729) (145,73,59)
(772,352) (175,179,131)
(974,957) (142,118,230)
(423,97) (141,222,157)
(628,240) (63,218,151)
(334,923) (234,175,215)
(198,113) (242,132,77)
(860,50) (194,85,220)
(238,57) (124,95,186)
(603,432) (91,72,196)
(379,847) (8,87,218)
(87,759) (225,47,20)
(976,246) (144,152,84)
(555,860) (229,70,14)
(729,440) (61,137,161)
(454,264) (71,200,216)
(54,621) (202,159,34)
(508,653) (232,170,77)
(452,168) (203,123,179)
(27,821) (50,138,231)
(510,316) (68,155,173)
(49,806) (157,240,59)
(883,544) (27,152,0)
(973,992) (138,121,83)
(765,400) (145,229,77)
(412,318) (184,210,240)
(470,578) (80,10,114)
